0 0.83662109375 0.160546875 0.07560546875000007 0.07109375000000001
0 0.4425 0.29896484375 0.04230468750000005 0.03484374999999995
0 0.507109375 0.170625 0.04542968749999998 0.04755859374999999
0 0.552265625 0.94173828125 0.07468750000000002 0.05675781249999989
0 0.19087890625 0.964375 0.09568359375000002 0.07125000000000004
0 0.4872265625 0.0394921875 0.04085937500000003 0.039921874999999996
0 0.7259765625 0.03484375 0.05353515624999994 0.04625
0 0.79986328125 0.2634375 0.08798828124999991 0.08156249999999998
0 0.91576171875 0.10650390625 0.03855468750000002 0.048945312500000004
0 0.5529296875 0.27423828125 0.04335937500000009 0.04457031249999999
0 0.59306640625 0.2562890625 0.03376953124999993 0.03212890624999998
0 0.52201171875 0.323671875 0.04011718749999993 0.037968749999999996
0 0.34587890625 0.43951171875 0.03542968749999997 0.03521484375000006
0 0.38111328125 0.44970703125 0.06232421875000005 0.05746093750000003
0 0.53892578125 0.4383203125 0.041015625 0.03832031250000001
0 0.58888671875 0.3137890625 0.03337890625000006 0.034707031249999964
0 0.0683984375 0.65671875 0.02373046875000001 0.02564453124999999
0 0.1320703125 0.7328125 0.029765625000000018 0.02888671874999993
0 0.0484765625 0.82443359375 0.03076171875 0.027402343749999947
0 0.08203125 0.819375 0.03449218749999999 0.026835937500000018
0 0.03015625 0.9043359375 0.021718750000000002 0.02171875000000001
0 0.13150390625 0.990859375 0.022812500000000013 0.018281250000000027
0 0.85947265625 0.7025390625 0.04378906249999992 0.06451171874999995
0 0.87841796875 0.590859375 0.0335546874999999 0.03361328125000007
0 0.94064453125 0.5185546875 0.03656250000000005 0.028828124999999982
0 0.9190234375 0.54767578125 0.043749999999999956 0.036660156249999964
0 0.7995703125 0.506875 0.029414062499999893 0.028359374999999964
0 0.69751953125 0.67673828125 0.03564453125 0.033164062500000036
0 0.24462890625 0.1835546875 0.03396484374999997 0.032597656249999996
0 0.2964453125 0.0270703125 0.02921874999999996 0.0231640625
0 0.28779296875 0.28115234375 0.024296874999999996 0.023417968750000018
0 0.28931640625 0.835703125 0.03662109375 0.03611328125000002
0 0.69865234375 0.843671875 0.03767578124999993 0.03347656249999997
0 0.83484375 0.7995703125 0.03439453125000003 0.03199218749999999
